#include "bayes_har_config.h"
float MEANS[NUM_CLASSES][NUM_FEATURES] = {{ 4.56438273e-01, 8.63823032e+00, 8.54989231e-01, 4.14122925e+01,
   7.67392578e+01, 4.49385452e+01, 3.47964745e+01, 1.07728088e+02,
   2.36781235e+01, 1.54472752e+01},
 {-6.19892418e-01, 4.81809759e+00,-2.03258350e-01, 3.69443817e+01,
   5.32230988e+01, 3.50959091e+01, 6.86305389e+01, 8.60723572e+01,
   3.27026939e+01, 2.02825432e+01},
 { 1.16455269e+00, 2.17401004e+00, 6.87164497e+00, 4.03359528e+01,
   5.57269173e+01, 7.75874252e+01, 4.85243416e+01, 4.02551537e+01,
   8.95755692e+01, 1.44845505e+01},
 {-2.26340032e+00, 8.90491772e+00, 5.64140141e-01, 1.38452969e+01,
   7.99975281e+01, 4.87574272e+01, 3.28782616e+01, 1.09704399e+02,
   1.44543829e+01, 1.27949162e+01},
 { 4.43668664e-01, 8.09069347e+00, 3.81063879e-01, 4.22724762e+01,
   7.54545898e+01, 4.00125122e+01, 4.28412094e+01, 1.00356850e+02,
   2.28699837e+01, 1.50551109e+01},
 { 1.52255130e+00, 8.77369022e+00, 6.91419840e-02, 4.66644058e+01,
   7.83035889e+01, 3.43588104e+01, 4.90978088e+01, 1.07309425e+02,
   2.22632790e+01, 1.63231525e+01}};
const float CLASS_PRIORS[NUM_CLASSES] = {0.08398056,0.31713183,0.05100967,0.04048705,0.10813248,0.39925841};
const float INV_COVS[NUM_CLASSES][NUM_FEATURES][NUM_FEATURES] = {{{ 6.62108478e-01, 1.50835301e-01, 1.38549025e-01,-9.71584228e-02,
   -5.90532617e-02, 7.22256284e-03, 8.91166973e-03, 1.79277553e-02,
   -6.68259643e-03,-9.80034435e-02},
  { 1.50835301e-01, 3.82800264e+00, 3.49455255e-01,-1.52681362e-02,
   -8.33258253e-01,-1.56163461e-04, 1.40522777e-01, 6.41233272e-03,
    7.90800163e-02,-1.35566643e+00},
  { 1.38549025e-01, 3.49455255e-01, 3.98821982e+00,-1.70169366e-02,
   -8.20904444e-02,-2.58844173e-01, 6.85625345e-02, 7.21965149e-02,
   -7.80932962e-02,-5.29796567e-01},
  {-9.71584228e-02,-1.52681362e-02,-1.70169366e-02, 1.66261174e-02,
    7.80765394e-03,-1.74114499e-03,-2.06340699e-03,-3.27380703e-03,
    1.03036658e-03, 1.50338235e-02},
  {-5.90532617e-02,-8.33258253e-01,-8.20904444e-02, 7.80765394e-03,
    1.94519255e-01, 2.44539780e-04,-3.15854484e-02,-5.46743222e-03,
   -1.90115628e-02, 2.98917822e-01},
  { 7.22256284e-03,-1.56163461e-04,-2.58844173e-01,-1.74114499e-03,
    2.44539780e-04, 2.21114187e-02,-3.55763481e-03,-4.30832990e-03,
   -1.37032468e-03, 3.93465706e-02},
  { 8.91166973e-03, 1.40522777e-01, 6.85625345e-02,-2.06340699e-03,
   -3.15854484e-02,-3.55763481e-03, 2.04277082e-02, 1.61431259e-02,
    1.43442817e-02,-1.70372560e-01},
  { 1.79277553e-02, 6.41233272e-03, 7.21965149e-02,-3.27380703e-03,
   -5.46743222e-03,-4.30832990e-03, 1.61431259e-02, 2.05177092e-02,
    1.20455057e-02,-1.23535692e-01},
  {-6.68259643e-03, 7.90800163e-02,-7.80932962e-02, 1.03036658e-03,
   -1.90115628e-02,-1.37032468e-03, 1.43442817e-02, 1.20455057e-02,
    3.76326573e-02,-1.36969066e-01},
  {-9.80034435e-02,-1.35566643e+00,-5.29796567e-01, 1.50338235e-02,
    2.98917822e-01, 3.93465706e-02,-1.70372560e-01,-1.23535692e-01,
   -1.36969066e-01, 1.82574101e+00}},

 {{ 2.99328773e-01,-2.59534496e-02,-2.49939796e-01,-8.36845223e-02,
    1.24211785e-02, 4.74104741e-02, 4.08398085e-03,-8.01432639e-04,
    2.14391251e-03, 9.57852978e-03},
  {-2.59534496e-02, 3.59962540e-01,-3.09466173e-01, 7.07883748e-03,
   -9.85528441e-02, 5.37370356e-02, 1.39573882e-02, 5.36489796e-03,
    1.58280823e-02,-6.53182303e-02},
  {-2.49939796e-01,-3.09466173e-01, 2.51076966e+00, 6.35564670e-02,
    9.25765534e-02,-2.87444791e-01,-2.12394375e-02,-1.52213881e-02,
    2.78768609e-02, 2.96847115e-01},
  {-8.36845223e-02, 7.07883748e-03, 6.35564670e-02, 2.72237386e-02,
   -4.49236013e-03,-1.39922641e-02,-1.09767418e-03, 3.53605919e-04,
    5.06198401e-04,-6.91151949e-03},
  { 1.24211785e-02,-9.85528441e-02, 9.25765534e-02,-4.49236013e-03,
    3.33569641e-02,-1.46491698e-02,-4.38446443e-03,-3.63251609e-03,
   -6.18521947e-03, 2.29707986e-02},
  { 4.74104741e-02, 5.37370356e-02,-2.87444791e-01,-1.39922641e-02,
   -1.46491698e-02, 4.51099006e-02, 3.59611440e-03, 1.59163998e-03,
   -1.76975721e-03,-3.94624039e-02},
  { 4.08398085e-03, 1.39573882e-02,-2.12394375e-02,-1.09767418e-03,
   -4.38446443e-03, 3.59611440e-03, 3.92211882e-03, 3.01313188e-03,
    3.55560454e-03,-2.63977366e-02},
  {-8.01432639e-04, 5.36489796e-03,-1.52213881e-02, 3.53605919e-04,
   -3.63251609e-03, 1.59163998e-03, 3.01313188e-03, 4.22377782e-03,
    2.95615265e-03,-2.67368665e-02},
  { 2.14391251e-03, 1.58280823e-02, 2.78768609e-02, 5.06198401e-04,
   -6.18521947e-03,-1.76975721e-03, 3.55560454e-03, 2.95615265e-03,
    1.66865495e-02,-3.56279741e-02},
  { 9.57852978e-03,-6.53182303e-02, 2.96847115e-01,-6.91151949e-03,
    2.29707986e-02,-3.94624039e-02,-2.63977366e-02,-2.67368665e-02,
   -3.56279741e-02, 3.05875664e-01}},

 {{ 2.84424132e-01,-5.52546405e-02,-2.59427700e-02,-2.04005412e-02,
   -4.40370168e-03,-1.86724128e-02,-6.74974991e-04, 2.13160502e-02,
    1.71892329e-02, 7.92009418e-02},
  {-5.52546405e-02, 1.55764960e+00, 8.27022136e-01, 2.70979058e-03,
   -1.03051779e-01,-8.85843034e-02, 1.27262762e-01, 3.59398225e-02,
    7.11360677e-02,-8.36606969e-01},
  {-2.59427700e-02, 8.27022136e-01, 1.44484437e+01, 3.97158694e-03,
   -5.49179646e-02,-2.44840871e+00, 2.64689309e+00, 2.58426276e+00,
    1.49268251e+00,-3.22540783e+01},
  {-2.04005412e-02, 2.70979058e-03, 3.97158694e-03, 2.77956367e-03,
   -4.75934321e-04, 2.66781990e-04,-4.54432012e-03,-4.70334997e-03,
   -4.56360566e-03, 5.28512284e-02},
  {-4.40370168e-03,-1.03051779e-01,-5.49179646e-02,-4.75934321e-04,
    9.33087144e-03, 6.35388632e-03,-4.85114346e-03,-1.72021884e-03,
   -3.52551023e-03,-6.81697129e-04},
  {-1.86724128e-02,-8.85843034e-02,-2.44840871e+00, 2.66781990e-04,
    6.35388632e-03, 4.24803014e-01,-4.59370305e-01,-4.54217431e-01,
   -2.65376591e-01, 5.62258996e+00},
  {-6.74974991e-04, 1.27262762e-01, 2.64689309e+00,-4.54432012e-03,
   -4.85114346e-03,-4.59370305e-01, 2.03098529e+00, 2.03247434e+00,
    1.81310049e+00,-2.50906692e+01},
  { 2.13160502e-02, 3.59398225e-02, 2.58426276e+00,-4.70334997e-03,
   -1.72021884e-03,-4.54217431e-01, 2.03247434e+00, 2.04547360e+00,
    1.82302135e+00,-2.51454169e+01},
  { 1.71892329e-02, 7.11360677e-02, 1.49268251e+00,-4.56360566e-03,
   -3.52551023e-03,-2.65376591e-01, 1.81310049e+00, 1.82302135e+00,
    1.69173174e+00,-2.24225872e+01},
  { 7.92009418e-02,-8.36606969e-01,-3.22540783e+01, 5.28512284e-02,
   -6.81697129e-04, 5.62258996e+00,-2.50906692e+01,-2.51454169e+01,
   -2.24225872e+01, 3.10826155e+02}},

 {{ 3.82397026e+00,-2.44773215e+01,-1.02835022e+00,-1.27257357e-01,
    1.07538559e+01, 9.31417312e-03, 5.38072585e-03, 1.70319086e+00,
   -2.18262335e-01, 3.65072192e+00},
  {-2.44773215e+01, 1.31765638e+04, 1.51587585e+01, 7.99906404e-01,
    1.28757430e+03,-4.92108676e-02, 1.03279997e+02,-9.60408494e+02,
    1.01700987e+02,-1.30830102e+03},
  {-1.02835022e+00, 1.51587585e+01, 6.63725358e+00, 7.36776755e-02,
    9.75179241e-01,-1.48902897e-01,-3.99867380e-02,-1.20276423e+00,
   -3.52879824e-01,-2.61448360e-01},
  {-1.27257357e-01, 7.99906404e-01, 7.36776755e-02, 5.87654337e-03,
   -2.55685390e-01,-1.32133587e-03,-2.22692603e-05,-5.64900430e-02,
    6.33003252e-03,-1.24591959e-01},
  { 1.07538559e+01, 1.28757430e+03, 9.75179241e-01,-2.55685390e-01,
    5.94844414e+02, 1.37031335e-03, 8.07710890e+00,-9.70231663e+01,
    6.99855059e+00,-9.20846674e+01},
  { 9.31417312e-03,-4.92108676e-02,-1.48902897e-01,-1.32133587e-03,
    1.37031335e-03, 4.44452322e-03,-1.32139750e-03, 1.39430672e-03,
    5.25026284e-03, 1.55172065e-02},
  { 5.38072585e-03, 1.03279997e+02,-3.99867380e-02,-2.22692603e-05,
    8.07710890e+00,-1.32139750e-03, 1.61985076e+00,-6.72713318e+00,
    1.58627550e+00,-1.98090192e+01},
  { 1.70319086e+00,-9.60408494e+02,-1.20276423e+00,-5.64900430e-02,
   -9.70231663e+01, 1.39430672e-03,-6.72713318e+00, 7.08303324e+01,
   -6.62801003e+00, 8.58166944e+01},
  {-2.18262335e-01, 1.01700987e+02,-3.52879824e-01, 6.33003252e-03,
    6.99855059e+00, 5.25026284e-03, 1.58627550e+00,-6.62801003e+00,
    1.61512510e+00,-1.97899282e+01},
  { 3.65072192e+00,-1.30830102e+03,-2.61448360e-01,-1.24591959e-01,
   -9.20846674e+01, 1.55172065e-02,-1.98090192e+01, 8.58166944e+01,
   -1.97899282e+01, 2.48199928e+02}},

 {{ 3.98694895e-01, 1.35867104e-01,-1.86336680e-01,-5.51201211e-02,
   -7.04350527e-02, 1.70148719e-02, 5.71243882e-03, 7.84227831e-03,
    8.14156766e-03, 1.60572882e-02},
  { 1.35867104e-01, 3.38067926e+00,-3.92541887e-02,-6.97061477e-03,
   -4.13047462e-01,-2.54739584e-03, 6.13134813e-02,-1.73112094e-01,
    4.47541647e-02,-8.76044708e-01},
  {-1.86336680e-01,-3.92541887e-02, 4.11867520e+00, 7.33226109e-03,
    6.61882434e-02,-3.24368341e-01, 4.30068261e-03, 6.26194977e-03,
   -1.46957965e-02,-3.62108431e-01},
  {-5.51201211e-02,-6.97061477e-03, 7.33226109e-03, 9.48370927e-03,
    5.45980455e-03,-8.03738006e-04, 2.86604268e-05,-3.05784505e-04,
    1.00028618e-04,-9.39627055e-03},
  {-7.04350527e-02,-4.13047462e-01, 6.61882434e-02, 5.45980455e-03,
    1.02803730e-01,-5.73941251e-03,-2.65864684e-02,-9.99143273e-03,
   -2.11269897e-02, 2.59491244e-01},
  { 1.70148719e-02,-2.54739584e-03,-3.24368341e-01,-8.03738006e-04,
   -5.73941251e-03, 2.84421719e-02, 1.06771877e-03, 1.61839717e-03,
    1.65539038e-04, 2.76404058e-02},
  { 5.71243882e-03, 6.13134813e-02, 4.30068261e-03, 2.86604268e-05,
   -2.65864684e-02, 1.06771877e-03, 1.92895975e-02, 1.89917613e-02,
    1.57465879e-02,-1.62764144e-01},
  { 7.84227831e-03,-1.73112094e-01, 6.26194977e-03,-3.05784505e-04,
   -9.99143273e-03, 1.61839717e-03, 1.89917613e-02, 3.97483183e-02,
    1.54175862e-02,-1.25799407e-01},
  { 8.14156766e-03, 4.47541647e-02,-1.46957965e-02, 1.00028618e-04,
   -2.11269897e-02, 1.65539038e-04, 1.57465879e-02, 1.54175862e-02,
    2.54700711e-02,-1.31917839e-01},
  { 1.60572882e-02,-8.76044708e-01,-3.62108431e-01,-9.39627055e-03,
    2.59491244e-01, 2.76404058e-02,-1.62764144e-01,-1.25799407e-01,
   -1.31917839e-01, 1.90121760e+00}},

 {{ 8.33759977e-01,-1.59567155e+00,-2.78642762e-01,-1.17728752e-01,
   -5.85641660e-02, 4.21375974e-02, 8.60028857e-03, 1.75709936e-01,
    2.41551219e-02,-2.25981121e-01},
  {-1.59567155e+00, 4.80428571e+01, 6.15700450e-01, 1.80526370e-01,
   -2.30316377e+00,-1.90860750e-02, 3.30155606e-01,-3.59003540e+00,
    3.23852818e-01,-2.36110702e+00},
  {-2.78642762e-01, 6.15700450e-01, 4.45345928e+00, 3.80137375e-02,
    3.45472187e-02,-2.68105893e-01,-4.12257052e-02,-8.76946042e-02,
   -5.94047948e-02, 7.81646196e-01},
  {-1.17728752e-01, 1.80526370e-01, 3.80137375e-02, 1.88629060e-02,
    6.11224844e-03,-6.38203212e-03,-1.71391527e-03,-2.05170358e-02,
   -2.98302547e-03, 3.30710617e-02},
  {-5.85641660e-02,-2.30316377e+00, 3.45472187e-02, 6.11224844e-03,
    2.07533341e-01,-5.17935961e-03,-3.21882246e-02, 1.36912247e-01,
   -3.05521669e-02, 3.03621542e-01},
  { 4.21375974e-02,-1.90860750e-02,-2.68105893e-01,-6.38203212e-03,
   -5.17935961e-03, 2.59668475e-02, 1.16685702e-03, 2.81808541e-03,
   -5.10160986e-03, 3.27933200e-03},
  { 8.60028857e-03, 3.30155606e-01,-4.12257052e-02,-1.71391527e-03,
   -3.21882246e-02, 1.16685702e-03, 2.30337070e-02, 1.18024615e-03,
    2.48213331e-02,-1.92404639e-01},
  { 1.75709936e-01,-3.59003540e+00,-8.76946042e-02,-2.05170358e-02,
    1.36912247e-01, 2.81808541e-03, 1.18024615e-03, 3.05487455e-01,
    3.34726350e-03,-5.38386959e-02},
  { 2.41551219e-02, 3.23852818e-01,-5.94047948e-02,-2.98302547e-03,
   -3.05521669e-02,-5.10160986e-03, 2.48213331e-02, 3.34726350e-03,
    6.17911219e-02,-2.63723107e-01},
  {-2.25981121e-01,-2.36110702e+00, 7.81646196e-01, 3.30710617e-02,
    3.03621542e-01, 3.27933200e-03,-1.92404639e-01,-5.38386959e-02,
   -2.63723107e-01, 2.36679358e+00}}};
const float DETS[NUM_CLASSES] = {4.15226500e+12,1.07223346e+16,1.05639227e+13,6.08502839e+01,
 1.30271503e+13,1.26171545e+10};
